1541260838,2018-11-03 16:00:38,Woody_Woodpecker,Isle_of_Janthir,3747
1541261059,2018-11-03 16:04:19,Woody_Woodpecker,Isle_of_Janthir,3748
1541261297,2018-11-03 16:08:17,Woody_Woodpecker,Isle_of_Janthir,3748
1541261537,2018-11-03 16:12:17,Woody_Woodpecker,Isle_of_Janthir,3751
1541261789,2018-11-03 16:16:29,Woody_Woodpecker,Isle_of_Janthir,3751
1541262023,2018-11-03 16:20:23,Woody_Woodpecker,Isle_of_Janthir,3751
1541262257,2018-11-03 16:24:17,Woody_Woodpecker,Isle_of_Janthir,3751
1541262497,2018-11-03 16:28:17,Woody_Woodpecker,Isle_of_Janthir,3752
1541262741,2018-11-03 16:32:21,Woody_Woodpecker,Isle_of_Janthir,3752
1541262977,2018-11-03 16:36:17,Woody_Woodpecker,Isle_of_Janthir,3754
1541263223,2018-11-03 16:40:23,Woody_Woodpecker,Isle_of_Janthir,3754
1541263457,2018-11-03 16:44:17,Woody_Woodpecker,Isle_of_Janthir,3754
1541263698,2018-11-03 16:48:18,Woody_Woodpecker,Isle_of_Janthir,3754
1541263938,2018-11-03 16:52:18,Woody_Woodpecker,Isle_of_Janthir,3757
1541264177,2018-11-03 16:56:17,Woody_Woodpecker,Isle_of_Janthir,3757
1541264441,2018-11-03 17:00:41,Woody_Woodpecker,Isle_of_Janthir,3757
1541264659,2018-11-03 17:04:19,Woody_Woodpecker,Isle_of_Janthir,3759
1541264897,2018-11-03 17:08:17,Woody_Woodpecker,Isle_of_Janthir,3763
1541265137,2018-11-03 17:12:17,Woody_Woodpecker,Isle_of_Janthir,3767
1541265390,2018-11-03 17:16:30,Woody_Woodpecker,Isle_of_Janthir,3767
1541265623,2018-11-03 17:20:23,Woody_Woodpecker,Isle_of_Janthir,3767
1541265858,2018-11-03 17:24:18,Woody_Woodpecker,Isle_of_Janthir,3767
1541266097,2018-11-03 17:28:17,Woody_Woodpecker,Isle_of_Janthir,3767
1541266341,2018-11-03 17:32:21,Woody_Woodpecker,Isle_of_Janthir,3769
1541266577,2018-11-03 17:36:17,Woody_Woodpecker,Isle_of_Janthir,3769
1541266824,2018-11-03 17:40:24,Woody_Woodpecker,Isle_of_Janthir,3769
1541267057,2018-11-03 17:44:17,Woody_Woodpecker,Isle_of_Janthir,3769
1541267298,2018-11-03 17:48:18,Woody_Woodpecker,Isle_of_Janthir,3769
1541267537,2018-11-03 17:52:17,Woody_Woodpecker,Isle_of_Janthir,3769
1541267777,2018-11-03 17:56:17,Woody_Woodpecker,Isle_of_Janthir,3771
