1,Marge_Simpson,Stormbluff_Isle,3,5,9,2,3,4,4,6,6,5,10,2,7,2,8,3,5,4,3,8,7,3,5,2,70
2,Beyond_Justice,Underworld,7,1,8,3,1,6,8,2,9,2,9,3,4,5,4,7,7,2,4,7,,,3,4,64
3,Tim_Drake,Underworld,3,5,5,5,,,8,2,10,1,1,10,5,4,,,5,4,12,1,3,7,1,6,53
4,biot.4721,Gandara,1,7,1,9,5,2,,,,,10,2,1,8,7,4,,,7,4,16,1,,,48
5,Batgirl,Ruins_of_Surmia,1,7,5,5,4,3,4,6,5,6,11,1,4,5,4,7,,,4,7,5,5,,,47
5,Batman,Tarnished_Coast,2,6,12,1,5,2,5,5,5,6,,,3,6,2,9,3,6,7,4,3,7,,,47
5,Daffy_Duck,Ruins_of_Surmia,1,7,2,8,8,1,3,7,,,,,,,9,2,10,1,6,5,2,8,6,1,47
6,Barbara_Gordon,Ruins_of_Surmia,3,5,7,4,1,6,5,5,6,5,3,8,4,5,,,3,6,4,7,7,3,3,4,46
6,Blue_Beetle,Ruins_of_Surmia,2,6,4,6,4,3,5,5,8,3,4,7,2,7,5,6,5,4,5,6,2,8,,,46
7,Bob_the_Dog,Yak's_Bend,3,5,9,2,5,2,6,4,3,8,6,5,2,7,2,9,,,3,8,3,7,3,4,45
8,Elmer_Fudd,Sea_of_Sorrows,1,7,2,8,4,3,8,2,2,9,4,7,7,2,4,7,4,5,2,9,6,4,,,44
8,Wally_West,Underworld,7,1,,,5,2,3,7,2,9,,,3,6,6,5,4,5,6,5,4,6,4,3,44
8,Wonder_Woman,Underworld,4,4,3,7,,,3,7,5,6,2,9,7,2,10,1,5,4,,,5,5,,,44
9,The_Joker,Blackgate,3,5,5,5,3,4,8,2,2,9,,,4,5,7,4,,,5,6,3,7,,,40
9,Vic_Sage,Underworld,3,5,4,6,4,3,5,5,3,8,7,4,3,6,4,7,4,5,2,9,1,9,,,40
10,Eric_Cartman,Sanctum_of_Rall,5,3,5,5,,,,,3,8,1,10,5,4,3,8,4,5,3,8,6,4,2,5,37
11,Kvothe,Yak's_Bend,,,9,2,4,3,7,3,7,4,3,8,2,7,,,,,,,,,,,32
12,Piglet,Whiteside_Ridge,,,,,,,,,,,,,,,8,3,4,5,9,3,5,5,3,4,29
12,We_Are_Bob,Yak's_Bend,6,2,12,1,3,4,2,8,,,6,5,,,,,,,,,,,,,29
13,The_Hulk,Seafarer's_Rest,,,4,6,2,5,,,8,3,5,6,8,1,,,,,,,,,,,27
14,Fred_Flintstone,Maguuma,,,3,7,1,6,8,2,4,7,3,8,6,3,,,,,,,,,,,25
14,Khan,Yak's_Bend,3,5,2,8,4,3,7,3,3,8,6,5,,,,,,,,,,,,,25
14,Stitch!,Ring_of_Fire,4,4,4,6,2,5,4,6,2,9,5,6,4,5,,,,,,,,,,,25
15,Maggie_Simpson,Sorrow's_Furnace,7,1,2,8,1,6,2,8,3,8,7,4,,,,,,,,,,,,,22
16,Homer,Yak's_Bend,3,5,7,4,2,5,1,9,4,7,4,7,,,,,,,,,,,,,21
16,Legion,Yak's_Bend,,,4,6,2,5,,,4,7,10,2,1,8,,,,,,,,,,,21
17,Chip_'n'_Dale,Vabbi,,,,,,,,,,,,,,,3,8,6,3,9,3,,,2,5,20
17,Riker,Yak's_Bend,6,2,5,5,,,2,8,,,6,5,1,8,,,,,,,,,,,20
17,Superman,Piken_Square,,,,,1,6,9,1,5,6,1,10,4,5,,,,,,,,,,,20
18,Donald_Duck,Kodash,7,1,1,9,2,5,1,9,4,7,2,9,,,,,,,,,,,,,17
19,Pepe_Le_Pew,Vizunah_Square,,,,,,,,,,,,,,,,,3,6,10,2,1,9,2,5,16
20,Tigger,Riverside,,,,,2,5,1,9,2,9,6,5,4,5,,,,,,,,,,,15
21,Bart_Simpson,Yak's_Bend,,,,,,,,,,,,,,,,,4,5,,,9,2,,,13
